1 2 3 4 5 6 7 8 9 10 11 12 13 14 15 16 17 18 19 20 21 22 23 24 25 26 27 28 29 30 31 32 
4 2 
8 3 
9 2 
16 2 4 
25 2 
27 3 
32 5 
36 2 
49 2 
64 2 3 6 
81 2 4 
100 2 
121 2 
125 3 
128 7 
144 2 
169 2 
196 2 
216 3 
225 2 
243 5 
256 2 4 8 
289 2 
324 2 
343 3 
361 2 
400 2 
441 2 
484 2 
512 3 9 
529 2 
576 2 
625 2 4 
676 2 
729 2 3 6 
784 2 
841 2 
900 2 
961 2 
1000 3 
1024 2 5 10 
1089 2 
1156 2 
1225 2 
1296 2 4 
1331 3 
1369 2 
1444 2 
1521 2 
1600 2 
1681 2 
1728 3 
1764 2 
1849 2 
1936 2 
2025 2 
2048 11 
2116 2 
2187 7 
2197 3 
2209 2 
2304 2 
2401 2 4 
2500 2 
2601 2 
2704 2 
2744 3 
2809 2 
2916 2 
3025 2 
3125 5 
3136 2 
3249 2 
3364 2 
3375 3 
3481 2 
3600 2 
3721 2 
3844 2 
3969 2 
4096 2 3 4 6 12 
4225 2 
4356 2 
4489 2 
4624 2 
4761 2 
4900 2 
4913 3 
5041 2 
5184 2 
5329 2 
5476 2 
5625 2 
5776 2 
5832 3 
5929 2 
6084 2 
6241 2 
6400 2 
6561 2 4 8 
6724 2 
6859 3 
6889 2 
7056 2 
7225 2 
7396 2 
7569 2 
7744 2 
7776 5 
7921 2 
8000 3 
8100 2 
8192 13 
8281 2 
8464 2 
8649 2 
8836 2 
9025 2 
9216 2 
9261 3 
9409 2 
9604 2 
9801 2 
10000 2 4 
10201 2 
10404 2 
10609 2 
10648 3 
10816 2 
11025 2 
11236 2 
11449 2 
11664 2 
11881 2 
12100 2 
12167 3 
12321 2 
12544 2 
12769 2 
12996 2 
13225 2 
13456 2 
13689 2 
13824 3 
13924 2 
14161 2 
14400 2 
14641 2 4 
14884 2 
15129 2 
15376 2 
15625 2 3 6 
15876 2 
16129 2 
16384 2 7 14 
16641 2 
16807 5 
16900 2 
17161 2 
17424 2 
17576 3 
17689 2 
17956 2 
18225 2 
18496 2 
18769 2 
19044 2 
19321 2 
19600 2 
19683 3 9 
19881 2 
20164 2 
20449 2 
20736 2 4 
21025 2 
21316 2 
21609 2 
21904 2 
21952 3 
22201 2 
22500 2 
22801 2 
23104 2 
23409 2 
23716 2 
24025 2 
24336 2 
24389 3 
24649 2 
24964 2 
25281 2 
25600 2 
25921 2 
26244 2 
26569 2 
26896 2 
27000 3 
27225 2 
27556 2 
27889 2 
28224 2 
28561 2 4 
28900 2 
29241 2 
29584 2 
29791 3 
29929 2 
30276 2 
30625 2 
30976 2 
31329 2 
31684 2 
32041 2 
32400 2 
32761 2 
32768 3 5 15 
33124 2 
33489 2 
33856 2 
34225 2 
34596 2 
34969 2 
35344 2 
35721 2 
35937 3 
36100 2 
36481 2 
36864 2 
37249 2 
37636 2 
38025 2 
38416 2 4 
38809 2 
39204 2 
39304 3 
39601 2 
40000 2 
40401 2 
40804 2 
41209 2 
41616 2 
42025 2 
42436 2 
42849 2 
42875 3 
43264 2 
43681 2 
44100 2 
44521 2 
44944 2 
45369 2 
45796 2 
46225 2 
46656 2 3 6 
47089 2 
47524 2 
47961 2 
48400 2 
48841 2 
49284 2 
49729 2 
50176 2 
50625 2 4 
50653 3 
51076 2 
51529 2 
51984 2 
52441 2 
52900 2 
53361 2 
53824 2 
54289 2 
54756 2 
54872 3 
55225 2 
55696 2 
56169 2 
56644 2 
57121 2 
57600 2 
58081 2 
58564 2 
59049 2 5 10 
59319 3 
59536 2 
60025 2 
60516 2 
61009 2 
61504 2 
62001 2 
62500 2 
63001 2 
63504 2 
64000 3 
64009 2 
64516 2 
65025 2 
65536 2 4 8 16 
66049 2 
66564 2 
67081 2 
67600 2 
68121 2 
68644 2 
68921 3 
69169 2 
69696 2 
70225 2 
70756 2 
71289 2 
71824 2 
72361 2 
72900 2 
73441 2 
73984 2 
74088 3 
74529 2 
75076 2 
75625 2 
76176 2 
76729 2 
77284 2 
77841 2 
78125 7 
78400 2 
78961 2 
79507 3 
79524 2 
80089 2 
80656 2 
81225 2 
81796 2 
82369 2 
82944 2 
83521 2 4 
84100 2 
84681 2 
85184 3 
85264 2 
85849 2 
86436 2 
87025 2 
87616 2 
88209 2 
88804 2 
89401 2 
90000 2 
90601 2 
91125 3 
91204 2 
91809 2 
92416 2 
93025 2 
93636 2 
94249 2 
94864 2 
95481 2 
96100 2 
96721 2 
97336 3 
97344 2 
97969 2 
98596 2 
99225 2 
99856 2 
100000 5 
100489 2 
101124 2 
101761 2 
102400 2 
103041 2 
103684 2 
103823 3 
104329 2 
104976 2 4 
105625 2 
106276 2 
106929 2 
107584 2 
108241 2 
108900 2 
109561 2 
110224 2 
110592 3 
110889 2 
111556 2 
112225 2 
112896 2 
113569 2 
114244 2 
114921 2 
115600 2 
116281 2 
116964 2 
117649 2 3 6 
118336 2 
119025 2 
119716 2 
120409 2 
121104 2 
121801 2 
122500 2 
123201 2 
123904 2 
124609 2 
125000 3 
125316 2 
126025 2 
126736 2 
127449 2 
128164 2 
128881 2 
129600 2 
130321 2 4 
131044 2 
131072 17 
131769 2 
132496 2 
132651 3 
133225 2 
133956 2 
134689 2 
135424 2 
136161 2 
136900 2 
137641 2 
138384 2 
139129 2 
139876 2 
140608 3 
140625 2 
141376 2 
142129 2 
142884 2 
143641 2 
144400 2 
